experiment_file.txt

For image: 4.2.03.ppm
k = 32:
bkm: 372.629, 0.0808711, 191, 46
bng: 386.16, 1.57255, 61, 0
k = 64:
bkm: 235.067, 0.253095, 264.5, 20.5
bng: 245.103, 0.331593, 64, 0
k = 128:
bkm: 149.837, 0.181384, 302, 32
bng: 156.905, 0.0782425, 67, 0
k = 256:
bkm: 95.6675, 0.0563604, 390, 159
bng: 100.052, 0.0176243, 70, 0

------------------Finished running--------------------

Time to run is: 4282.975 s